N = 25;
t = ...
[
	0.0115 ;
	0.3576 ;
	0.9111 ;
	1.5272 ;
	1.7587 ;
	1.8866 ;
	1.9175 ;
	2.4285 ;
	2.6906 ;
	2.8750 ;
	3.2247 ;
	3.4112 ;
	4.2435 ;
	4.6092 ;
	4.6245 ;
	4.7136 ;
	4.7349 ;
	6.0739 ;
	7.2176 ;
	7.3843 ;
	7.6550 ;
	7.7016 ;
	7.8474 ;
	9.1599 ;
	9.1742 ;
];
x = ...
[
	23.5187 ;
	0.0000 ;
	18.9909 ;
	15.7897 ;
	14.8507 ;
	14.2145 ;
	14.0918 ;
	11.4933 ;
	10.4921 ;
	8.8340 ;
	7.5857 ;
	6.1800 ;
	1.9019 ;
	0.5615 ;
	0.3277 ;
	-0.1091 ;
	-0.0124 ;
	-6.5992 ;
	-12.7377 ;
	-13.2593 ;
	-14.8588 ;
	-14.6661 ;
	-15.4040 ;
	0.0000 ;
	-22.2578 ;
];
