m = 100;
n = 3;
X = ...
[
	 6.544931 ,  4.121214 ,  1.000000 ;
	 3.308841 ,  3.040462 ,  1.000000 ;
	 1.415369 ,  6.745739 ,  1.000000 ;
	 3.635628 ,  7.233975 ,  1.000000 ;
	 3.991980 ,  4.599551 ,  1.000000 ;
	-1.380788 , -0.409687 ,  1.000000 ;
	 6.453326 ,  0.466193 ,  1.000000 ;
	 4.583651 ,  1.103577 ,  1.000000 ;
	 2.257800 , -1.953513 ,  1.000000 ;
	-0.435127 ,  4.531096 ,  1.000000 ;
	 2.663328 , -0.331737 ,  1.000000 ;
	 1.000483 ,  4.304875 ,  1.000000 ;
	 2.969334 ,  3.476627 ,  1.000000 ;
	 4.347270 ,  4.298519 ,  1.000000 ;
	 3.816588 , -1.791958 ,  1.000000 ;
	 4.379712 ,  5.364346 ,  1.000000 ;
	 4.501977 , -4.715980 ,  1.000000 ;
	 2.121528 ,  0.991470 ,  1.000000 ;
	 3.791425 ,  0.597673 ,  1.000000 ;
	 3.408975 ,  6.664804 ,  1.000000 ;
	 5.530824 ,  2.997485 ,  1.000000 ;
	 0.299967 ,  1.556766 ,  1.000000 ;
	 3.285602 ,  0.420387 ,  1.000000 ;
	 2.129440 ,  3.118868 ,  1.000000 ;
	 6.892641 , -4.695954 ,  1.000000 ;
	 0.100763 ,  4.976562 ,  1.000000 ;
	 4.619089 ,  1.362206 ,  1.000000 ;
	 3.950284 , -0.732616 ,  1.000000 ;
	 0.115695 ,  2.658763 ,  1.000000 ;
	 7.596350 ,  4.567918 ,  1.000000 ;
	 1.754271 ,  4.439802 ,  1.000000 ;
	 2.091969 , -0.173111 ,  1.000000 ;
	 1.549304 ,  0.105160 ,  1.000000 ;
	 2.537825 ,  3.578471 ,  1.000000 ;
	 0.001155 ,  2.746247 ,  1.000000 ;
	 6.328986 ,  2.728198 ,  1.000000 ;
	 5.028405 ,  2.029392 ,  1.000000 ;
	 9.100418 ,  5.205076 ,  1.000000 ;
	-2.259183 ,  1.633044 ,  1.000000 ;
	-1.984513 ,  4.518982 ,  1.000000 ;
	 4.311060 ,  3.958754 ,  1.000000 ;
	 5.991308 ,  7.314777 ,  1.000000 ;
	 2.035079 ,  1.518291 ,  1.000000 ;
	 5.040758 ,  4.998849 ,  1.000000 ;
	-0.381036 ,  0.114677 ,  1.000000 ;
	 2.474599 , -5.199910 ,  1.000000 ;
	 6.099700 , -0.681093 ,  1.000000 ;
	 6.146630 ,  0.014022 ,  1.000000 ;
	 5.055375 ,  4.546430 ,  1.000000 ;
	 2.634083 ,  3.587971 ,  1.000000 ;
	-2.407101 , -0.351787 ,  1.000000 ;
	-5.096496 , -4.081011 ,  1.000000 ;
	 2.079513 , -3.938402 ,  1.000000 ;
	-1.201178 , -6.710095 ,  1.000000 ;
	-3.095534 , -4.249192 ,  1.000000 ;
	-2.826786 ,  0.907099 ,  1.000000 ;
	 0.720696 ,  1.387232 ,  1.000000 ;
	-1.579678 , -0.534699 ,  1.000000 ;
	-4.996833 , -3.254489 ,  1.000000 ;
	 1.580896 ,  0.563152 ,  1.000000 ;
	-0.647668 , -5.721123 ,  1.000000 ;
	-1.096757 , -0.870641 ,  1.000000 ;
	-3.184999 , -1.105495 ,  1.000000 ;
	 5.401563 , -3.544440 ,  1.000000 ;
	-6.426873 , -9.774393 ,  1.000000 ;
	-4.131205 , -3.938781 ,  1.000000 ;
	-5.515322 ,  4.098640 ,  1.000000 ;
	 0.731021 , -0.089827 ,  1.000000 ;
	-0.580200 , -10.526246 ,  1.000000 ;
	 2.838610 , -2.042673 ,  1.000000 ;
	-4.437476 , -8.004687 ,  1.000000 ;
	-1.899262 ,  4.165156 ,  1.000000 ;
	-1.014488 ,  0.474899 ,  1.000000 ;
	-2.606442 ,  1.061643 ,  1.000000 ;
	-6.457982 ,  0.966920 ,  1.000000 ;
	-0.475515 , -2.584541 ,  1.000000 ;
	-1.547389 ,  2.688294 ,  1.000000 ;
	-1.973626 ,  0.626960 ,  1.000000 ;
	-5.818140 ,  1.593513 ,  1.000000 ;
	 3.261953 , -3.862870 ,  1.000000 ;
	-4.830610 , -4.765210 ,  1.000000 ;
	 0.040901 , -4.294664 ,  1.000000 ;
	-2.173910 , -6.153294 ,  1.000000 ;
	 1.016246 , -4.323612 ,  1.000000 ;
	 0.453353 ,  0.185792 ,  1.000000 ;
	-2.498775 , -1.097858 ,  1.000000 ;
	-2.898537 , -3.065474 ,  1.000000 ;
	 1.292897 , -1.962767 ,  1.000000 ;
	-5.269249 ,  2.714547 ,  1.000000 ;
	-5.041765 , -0.672070 ,  1.000000 ;
	-4.401432 , -2.858788 ,  1.000000 ;
	-0.935751 ,  1.074775 ,  1.000000 ;
	-3.003518 , -0.980215 ,  1.000000 ;
	-2.636835 , -1.934320 ,  1.000000 ;
	-5.413871 , -2.300708 ,  1.000000 ;
	 2.333329 , -4.585083 ,  1.000000 ;
	-5.852483 ,  2.751530 ,  1.000000 ;
	 1.289648 ,  0.238928 ,  1.000000 ;
	-6.312319 ,  2.705312 ,  1.000000 ;
	-3.625779 , -5.535386 ,  1.000000
];
y = ...
[
	 0 ;
	 0 ;
	 0 ;
	 0 ;
	 0 ;
	 0 ;
	 0 ;
	 0 ;
	 0 ;
	 0 ;
	 0 ;
	 0 ;
	 0 ;
	 0 ;
	 0 ;
	 0 ;
	 0 ;
	 0 ;
	 0 ;
	 0 ;
	 0 ;
	 0 ;
	 0 ;
	 0 ;
	 0 ;
	 0 ;
	 0 ;
	 0 ;
	 0 ;
	 0 ;
	 0 ;
	 0 ;
	 0 ;
	 0 ;
	 0 ;
	 0 ;
	 0 ;
	 0 ;
	 0 ;
	 0 ;
	 0 ;
	 0 ;
	 0 ;
	 0 ;
	 0 ;
	 0 ;
	 0 ;
	 0 ;
	 0 ;
	 0 ;
	 1 ;
	 1 ;
	 1 ;
	 1 ;
	 1 ;
	 1 ;
	 1 ;
	 1 ;
	 1 ;
	 1 ;
	 1 ;
	 1 ;
	 1 ;
	 1 ;
	 1 ;
	 1 ;
	 1 ;
	 1 ;
	 1 ;
	 1 ;
	 1 ;
	 1 ;
	 1 ;
	 1 ;
	 1 ;
	 1 ;
	 1 ;
	 1 ;
	 1 ;
	 1 ;
	 1 ;
	 1 ;
	 1 ;
	 1 ;
	 1 ;
	 1 ;
	 1 ;
	 1 ;
	 1 ;
	 1 ;
	 1 ;
	 1 ;
	 1 ;
	 1 ;
	 1 ;
	 1 ;
	 1 ;
	 1 ;
	 1 ;
	 1
];

