ymeas=[  0.7830;
  0.1644;
  1.0563;
  1.1325;
  0.4090;
  1.5700;
  1.5600;
  0.9362;
  1.1069;
  1.0176;
  0.8227;
  1.2635;
  0.5898;
  1.9578;
  0.7792;
  0.8845;
  1.3401;
  0.8147;
  0.7146;
  0.3229;
  0.8622;
  0.0221;
  1.0219;
  1.4506;
  0.2665;
  1.0145;
  1.1854;
 -0.2659;
 -0.2172;
  0.7611;
  0.2478;
  0.7649;
  0.8000;
  0.7206;
  0.9825;
  0.6447;
  0.8792;
 -0.3437;
  0.2220;
  0.1284;
 -0.6197;
  0.2872;
 -0.3927;
  0.8209;
 -0.3106;
  0.3359;
  0.1617;
 -0.4273;
 -1.0691;
 -0.0296;
 -0.5204;
  0.2781;
  0.2120;
  0.7929;
  0.2320;
 -0.3944;
  0.1099;
 -0.5912;
 -0.1015;
 -0.1196;
 -0.0979;
 -0.2579;
  0.4487;
 -1.0342;
  0.1197;
  0.3575;
  0.2806;
  0.2107;
 -0.0503;
  0.2771;
  0.2332;
 -0.1678;
 -0.2164;
 -0.1623;
 -0.7376;
 -0.1017;
  0.0906;
  0.2058;
  0.7879;
 -0.0909;
  0.4153;
  0.5229;
  0.6140;
 -0.3318;
  0.2913;
  0.3256;
 -0.2756;
 -0.1210;
  0.8131;
  0.2281;
  0.5107;
  0.3816;
  0.0415;
  0.1009;
  0.6236;
 -0.0525;
  0.8333;
  0.7469;
  0.0707;
  0.3672;
 -0.0761;
 -0.5664;
  1.0441;
  0.3069;
  0.7442;
  0.7109;
  0.6169;
  0.1154;
  0.1539;
  0.4492;
  0.0511;
  0.1226;
  1.3920;
  0.6875;
  0.0535;
  0.6427;
  0.0990;
 -0.0129;
  0.5282;
  1.1312;
  0.7132;
  0.9700;
  0.0494;
  0.3932;
  0.4812;
 -0.0067;
 -0.0737;
  1.0366;
  0.5602;
  0.2144;
  0.9210;
  0.6140;
 -0.0178;
  1.1247;
  0.5765;
  1.1471;
  0.9515;
  0.0145;
 -0.3162;
  0.2658;
  0.1087;
 -0.1766;
  0.4647;
  0.9301;
 -0.1177;
 -0.2985;
 -0.0292;
  0.3942;
 -0.3957;
 -0.6007;
 -0.0913;
 -0.0954;
  0.1487;
 -0.4226;
 -0.2304;
 -0.4033;
 -0.2555;
  0.5224;
 -0.5773;
 -0.9759;
 -0.0951;
 -0.8083;
 -0.3646;
 -0.7214;
 -0.1641;
 -0.1785;
 -0.5790;
 -1.5254;
 -0.4519;
  0.2595;
 -0.0454;
 -1.3611;
 -0.6254;
 -0.9407;
 -1.1246;
 -1.2407;
 -0.4889;
 -0.8564;
 -0.6209;
 -0.8384;
 -0.8913;
 -0.4762;
 -0.2991;
  0.3927;
 -1.3408;
 -1.1709;
 -0.1368;
 -0.8454;
 -1.3347;
 -0.4786;
  0.1491;
 -0.2635;
  0.3725;
 -0.3416;
  0.3517;
 -0.7361;
 -1.1208;
 -0.6403;
  0.0774;
 -1.0581;
 -0.1639;
 -0.7631;
 -0.1671;
 -0.9723;
 -0.3587;
 -1.3829;
 -0.6058;
 -0.1066;
 -0.4763;
  0.3244;
 -0.5876;
 -1.4126;
 -0.8441;
  0.3212;
 -0.2419;
  0.0254;
  0.3286;
 -1.1836;
 -0.4260;
 -0.4367;
 -0.5752;
 -0.1394;
  0.7291;
 -0.0345;
  0.6137;
 -0.3338;
  0.0315;
 -0.3514;
  0.3448;
 -0.0642;
  0.3105;
  0.4124;
  0.0457;
  0.5349;
  1.2490;
  0.3595;
  0.0929;
  0.5556;
  0.1259;
 -0.4580;
  0.3345;
  0.0842;
 -0.0578;
  0.7108;
  0.9953;
 -0.2079;
  0.0936;
 -0.3747;
  0.3554;
 -1.1823;
  0.4788;
  0.0758;
  0.0788;
  0.5352;
 -0.2293;
 -0.1799;
 -0.7707;
 -0.9903;
 -0.5341;
 -0.0663;
 -0.5025;
 -0.9243;
  0.2526;
 -0.6664;
 -0.3430;
 -0.3651;
 -0.5169;
 -0.2216;
 -0.5797;
 -1.3075;
 -1.0178;
 -0.4094;
 -1.1867;
 -0.7591;
 -1.0831;
 -1.2261;
 -1.1753;
 -0.8910;
 -0.6281;
 -0.7971;
 -0.2304;
 -0.9077;
 -1.5655;
 -0.8227;
 -0.8117;
 -0.7079;
 -0.6340;
 -0.2615;
 -1.1899;
 -0.7999;
 -0.9499;
 -1.2452;
  0.1027;
 -1.1034;
 -1.6870;
 -0.1036;
 -0.8308;
 -1.5567;
 -0.6891;
 -0.3651;
 -1.4473;
 -0.9296;
 -1.0631;
 -1.5703;
 -0.3904;
 -0.9823;
 -0.6973;
 -1.3132;
 -1.2711;
 -0.7731;
 -0.8626;
  0.0235;
 -1.0215;
  0.2401;
 -0.0931;
 -1.8001;
 -1.6470;
 -1.0718;
 -0.8554;
 -0.7346;
 -0.2965;
 -1.0513;
 -1.0255;
 -0.7394;
 -0.6226;
 -0.4461;
 -0.0292;
 -0.2201;
 -1.3786;
 -0.1269;
 -0.0420;
 -0.1018;
  0.2628;
 -0.2011;
 -0.6739;
 -0.3850;
 -1.5083;
 -0.0209;
 -0.1734;
 -0.5023;
 -0.5097;
 -0.6989;
 -0.1594;
  0.0764;
 -0.2571;
 -0.3215;
 -0.0701;
 -0.1210;
 -0.4949;
  0.6463;
  0.2356;
  0.6696;
 -0.2070;
 -0.5060;
  0.4675;
  0.0932;
 -0.2978;
  0.0421;
 -0.9127;
  0.6375;
 -0.3927;
 -0.2452;
  0.7685;
 -0.3574;
 -0.1120;
 -0.1628;
  0.8948;
  0.1187;
 -0.4701;
 -0.5008;
  0.9191;
  1.0088;
  0.8452;
 -0.6136;
 -0.1068;
 -0.1147;
  0.1223;
 -0.3345;
 -0.5549;
 -0.3080;
  0.4374;
  1.0630;
 -0.0289;
 -0.2975;
  0.1656;
 -0.4504;
  0.7030;
  0.3034;
 -0.8857;
 -0.6288;
  0.3547;
 -0.1436;
 -0.1627;
 -1.2343;
 -0.2878;
 -0.0796;
 -0.7611;
 -0.9637;
 -0.5743;
 -1.0270;
 -0.5535;
 -0.3952;
  0.1357;
 -0.4763;
 -0.8516;
  0.2232;
 -0.1936;
 -0.5020;
 -0.2917;
 -0.8904;
 -0.2159;
 -0.5163;
 -0.3432;
 -1.1833;
  0.1057;
 -0.4461;
 -1.6218;
 -0.4267;
 -0.0216;
 -0.3352;
  0.0416;
  0.0181;
 -1.0881;
 -1.7763;
  0.2820;
 -0.4045;
 -0.5759;
 -0.7739;
 -1.3220;
 -0.4263;
 -1.2054;
 -0.9178;
 -0.5814;
 -0.0770;
 -0.2439;
 -1.0803;
  0.3584;
 -0.3402;
  0.6054;
 -0.9068;
 -0.6654;
 -0.6289;
 -0.2694;
 -0.6744;
 -0.6376;
 -1.3145;
 -0.5130;
  0.0659;
 -0.1233;
 -0.0838;
 -0.0271;
  0.1470;
 -0.1567;
 -0.2276;
  0.4097;
 -0.0246;
  0.3304;
 -0.2345;
  0.2010;
  0.6745;
 -0.1155;
  0.4261;
  0.2644;
  0.3699;
  0.2525;
 -0.5839;
  0.4053;
  1.1949;
  0.8441;
  0.3484;
  0.2239;
  0.6954;
  0.3943;
  0.3356;
  0.6401;
  1.2504;
 -0.6267;
  0.9342;
  0.1448;
  1.1267;
 -0.5532;
  0.5498;
  0.6922;
  0.4511;
  0.5607;
 -0.0969;
  0.0925;
  0.2430;
  0.8274;
  0.3433;
  1.3962;
  0.6874;
 -0.3252;
  0.3668;
  0.2545;
  0.6179;
  0.4406;
  0.3952;
  0.1509;
  0.4677;
];
