T = 100;
u = ...
[
    0.7700 ;
    0.0600 ;
    0.0100 ;
    0.8000 ;
    0.6600 ;
    0.9600 ;
    0.0300 ;
    0.3200 ;
    0.9700 ;
    0.9400 ;
    0.3600 ;
    0.4100 ;
    0.7000 ;
    0.1700 ;
    0.1500 ;
    0.5000 ;
    0.9600 ;
    0.7300 ;
    0.0800 ;
    0.9000 ;
    0.6800 ;
    0.1100 ;
    0.8500 ;
    0.1900 ;
    0.1600 ;
    0.8900 ;
    0.0700 ;
    0.8300 ;
    0.2600 ;
    0.9700 ;
    0.9100 ;
    0.3800 ;
    0.4100 ;
    0.7000 ;
    0.3200 ;
    0.7200 ;
    0.8600 ;
    0.1700 ;
    0.2600 ;
    0.1900 ;
    0.9100 ;
    0.9800 ;
    0.7900 ;
    0.3300 ;
    0.4300 ;
    0.8200 ;
    0.3800 ;
    0.5300 ;
    0.9000 ;
    0.8300 ;
    0.7900 ;
    0.3600 ;
    0.0300 ;
    0.1700 ;
    0.8500 ;
    0.6800 ;
    0.2100 ;
    0.6400 ;
    0.5000 ;
    0.5100 ;
    0.6000 ;
    0.1900 ;
    0.7400 ;
    0.9800 ;
    0.2100 ;
    0.1900 ;
    0.3300 ;
    0.1900 ;
    0.3900 ;
    0.5900 ;
    0.8900 ;
    0.8500 ;
    0.5200 ;
    0.3700 ;
    0.9600 ;
    0.8400 ;
    0.4900 ;
    0.5400 ;
    0.8700 ;
    0.0500 ;
    0.0500 ;
    0.3800 ;
    0.4000 ;
    0.7800 ;
    0.4500 ;
    0.4100 ;
    0.5300 ;
    0.8900 ;
    0.9800 ;
    0.9300 ;
    0.1900 ;
    0.9900 ;
    0.5800 ;
    0.6500 ;
    0.2600 ;
    0.0900 ;
    0.0400 ;
    0.1700 ;
    0.6800 ;
    0.3900 ;
];

y = ...
[
    1.9663 ;
    2.5611 ;
    2.0898 ;
    1.2280 ;
    1.2092 ;
    1.4403 ;
    1.6056 ;
    1.0081 ;
    1.2782 ;
    2.4515 ;
    2.7882 ;
    1.8628 ;
    1.5105 ;
    2.1557 ;
    2.4086 ;
    1.9909 ;
    1.7859 ;
    2.0328 ;
    1.8014 ;
    1.0792 ;
    1.6591 ;
    2.4087 ;
    2.1433 ;
    2.1237 ;
    1.8788 ;
    1.7544 ;
    2.0878 ;
    1.5912 ;
    1.6593 ;
    1.4437 ;
    1.8176 ;
    2.1338 ;
    1.8734 ;
    1.8083 ;
    2.4560 ;
    2.4541 ;
    2.3812 ;
    2.1748 ;
    1.7084 ;
    1.6541 ;
    1.8287 ;
    2.3495 ;
    2.2745 ;
    1.6575 ;
    1.2851 ;
    1.9121 ;
    2.8243 ;
    2.6995 ;
    2.1301 ;
    2.1108 ;
    2.2646 ;
    2.2775 ;
    2.0367 ;
    1.9813 ;
    2.3103 ;
    2.6761 ;
    2.1503 ;
    1.1300 ;
    1.1453 ;
    1.7349 ;
    2.0853 ;
    2.0011 ;
    1.6036 ;
    1.9028 ;
    2.3020 ;
    1.7725 ;
    1.4568 ;
    1.7929 ;
    2.0215 ;
    1.8469 ;
    1.4356 ;
    1.3920 ;
    1.5152 ;
    1.4999 ;
    1.7441 ;
    2.6239 ;
    2.9211 ;
    2.4077 ;
    2.0847 ;
    2.5268 ;
    2.3471 ;
    1.9722 ;
    1.9461 ;
    1.9477 ;
    1.7484 ;
    1.1384 ;
    0.9787 ;
    1.5102 ;
    2.1821 ;
    2.3770 ;
    2.2443 ;
    1.8250 ;
    2.6027 ;
    3.0107 ;
    2.8894 ;
    2.2339 ;
    1.9132 ;
    1.8799 ;
    1.8463 ;
    1.6423 ;
];
