// Data for reverse engineering smoothing filter problem
n = 150
// Input vector u
u = np.array([
   -2.755845e+00,
   -9.234193e+00,
   -5.290089e-01,
   1.284874e-01,
   -7.076616e+00,
   4.712192e+00,
   4.948501e+00,
   -8.001869e-01,
   1.537274e+00,
   1.392752e+00,
   2.815396e-01,
   5.581623e+00,
   -2.472801e-01,
   1.431712e+01,
   3.354382e+00,
   5.136780e+00,
   1.030113e+01,
   5.515362e+00,
   4.835518e+00,
   1.091770e+00,
   6.522234e+00,
   -1.955776e+00,
   7.879493e+00,
   1.195192e+01,
   -1.153684e-01,
   7.167036e+00,
   8.744386e+00,
   -5.797513e+00,
   -5.208255e+00,
   4.827247e+00,
   1.074556e-01,
   5.852822e+00,
   6.926662e+00,
   6.982320e+00,
   1.054629e+01,
   8.170432e+00,
   1.153113e+01,
   2.858415e-01,
   6.847011e+00,
   6.695114e+00,
   -1.598211e-01,
   9.350795e+00,
   2.790135e+00,
   1.495523e+01,
   3.466091e+00,
   9.570246e+00,
   7.309861e+00,
   7.801549e-01,
   -6.352747e+00,
   3.299334e+00,
   -2.329165e+00,
   5.007705e+00,
   3.811868e+00,
   9.235628e+00,
   3.419012e+00,
   -2.862788e+00,
   2.354979e+00,
   -4.299488e+00,
   1.112873e+00,
   1.571023e+00,
   2.508189e+00,
   1.658975e+00,
   9.454843e+00,
   -4.720811e+00,
   7.346612e+00,
   1.008322e+01,
   9.466253e+00,
   8.689694e+00,
   5.761411e+00,
   8.476640e+00,
   7.253836e+00,
   2.263539e+00,
   6.397091e-01,
   -6.685378e-02,
   -7.123909e+00,
   -2.069139e+00,
   -1.392026e+00,
   -1.377567e+00,
   3.461468e+00,
   -6.116954e+00,
   -1.629606e+00,
   -9.011609e-01,
   -1.124921e-01,
   -9.484350e+00,
   -2.986092e+00,
   -2.234419e+00,
   -7.743486e+00,
   -5.652527e+00,
   4.219030e+00,
   -1.167148e+00,
   2.005359e+00,
   9.016095e-01,
   -2.502557e+00,
   -2.123466e+00,
   2.671089e+00,
   -4.733731e+00,
   3.288058e+00,
   1.427455e+00,
   -6.450545e+00,
   -4.671544e+00,
   -1.030808e+01,
   -1.637650e+01,
   -1.346730e+00,
   -9.655710e+00,
   -6.041011e+00,
   -6.924759e+00,
   -8.189228e+00,
   -1.329723e+01,
   -1.278159e+01,
   -9.493896e+00,
   -1.296561e+01,
   -1.160846e+01,
   1.816272e+00,
   -4.458492e+00,
   -1.003858e+01,
   -3.443663e+00,
   -8.277031e+00,
   -8.925164e+00,
   -3.196868e+00,
   2.982124e+00,
   -1.217341e+00,
   1.176362e+00,
   -8.338238e+00,
   -5.311512e+00,
   -4.907473e+00,
   -1.028190e+01,
   -1.142310e+01,
   -7.243588e-01,
   -5.783221e+00,
   -9.394667e+00,
   -2.314705e+00,
   -5.188887e+00,
   -1.112385e+01,
   8.644223e-01,
   -3.891328e+00,
   2.677864e+00,
   1.689869e+00,
   -6.648518e+00,
   -8.900073e+00,
   -2.043615e+00,
   -2.634938e+00,
   -4.600642e+00,
   2.582165e+00,
   7.870772e+00,
   -2.117235e+00,
   -3.577158e+00,
   -6.661662e-01,
   3.678589e+00,
   -4.191429e+00,
   -6.258337e+00,
])
// output vector y
y = np.array([
   -3.853013e+00,
   -3.288960e+00,
   -2.463849e+00,
   -1.626045e+00,
   -8.032515e-01,
   1.655397e-01,
   8.512323e-01,
   1.221120e+00,
   1.580551e+00,
   2.018439e+00,
   2.619256e+00,
   3.417308e+00,
   4.226382e+00,
   5.044730e+00,
   5.382827e+00,
   5.531889e+00,
   5.488654e+00,
   5.116571e+00,
   4.639678e+00,
   4.249766e+00,
   4.129210e+00,
   4.155957e+00,
   4.435427e+00,
   4.470849e+00,
   4.016698e+00,
   3.432931e+00,
   2.600209e+00,
   1.688483e+00,
   1.440320e+00,
   1.965514e+00,
   2.849269e+00,
   4.015022e+00,
   5.139932e+00,
   6.036621e+00,
   6.599342e+00,
   6.689755e+00,
   6.403762e+00,
   5.843154e+00,
   5.503495e+00,
   5.310380e+00,
   5.298029e+00,
   5.622181e+00,
   5.907113e+00,
   6.085899e+00,
   5.699612e+00,
   5.002385e+00,
   3.905815e+00,
   2.648394e+00,
   1.737788e+00,
   1.537719e+00,
   1.727586e+00,
   2.225558e+00,
   2.588475e+00,
   2.602124e+00,
   2.078894e+00,
   1.361129e+00,
   8.654841e-01,
   6.170401e-01,
   8.306103e-01,
   1.315588e+00,
   1.955570e+00,
   2.677537e+00,
   3.460578e+00,
   4.167363e+00,
   5.210131e+00,
   6.137828e+00,
   6.637930e+00,
   6.645558e+00,
   6.213789e+00,
   5.445778e+00,
   4.270059e+00,
   2.782248e+00,
   1.271225e+00,
   -5.846890e-02,
   -1.041890e+00,
   -1.445095e+00,
   -1.515877e+00,
   -1.483501e+00,
   -1.529056e+00,
   -1.823789e+00,
   -2.074439e+00,
   -2.390006e+00,
   -2.827248e+00,
   -3.294471e+00,
   -3.406231e+00,
   -3.292033e+00,
   -2.960117e+00,
   -2.236495e+00,
   -1.317574e+00,
   -6.799411e-01,
   -2.896032e-01,
   -2.039481e-01,
   -3.089077e-01,
   -4.159420e-01,
   -5.532013e-01,
   -9.214742e-01,
   -1.439791e+00,
   -2.429201e+00,
   -3.817791e+00,
   -5.203525e+00,
   -6.408893e+00,
   -7.115080e+00,
   -7.229261e+00,
   -7.395205e+00,
   -7.606486e+00,
   -8.017846e+00,
   -8.591427e+00,
   -9.132330e+00,
   -9.312988e+00,
   -9.058948e+00,
   -8.462551e+00,
   -7.500571e+00,
   -6.442345e+00,
   -5.873745e+00,
   -5.588280e+00,
   -5.235828e+00,
   -4.842011e+00,
   -4.192608e+00,
   -3.317359e+00,
   -2.632168e+00,
   -2.545724e+00,
   -2.998718e+00,
   -3.881429e+00,
   -4.722590e+00,
   -5.449484e+00,
   -5.978213e+00,
   -6.076545e+00,
   -5.796759e+00,
   -5.589399e+00,
   -5.354286e+00,
   -4.949179e+00,
   -4.548334e+00,
   -4.013921e+00,
   -3.199966e+00,
   -2.575441e+00,
   -2.208767e+00,
   -2.325768e+00,
   -2.738253e+00,
   -2.892306e+00,
   -2.545969e+00,
   -1.929059e+00,
   -1.141584e+00,
   -3.007348e-01,
   1.524805e-01,
   -9.174533e-03,
   -3.656063e-01,
   -7.463907e-01,
   -1.303474e+00,
   -2.208574e+00,
   -3.191773e+00,
])