% route-link incidence matrix
R = [ ...
     1     1     1     1     1     0     0     0     0     0     1
     1     1     1     0     0     1     1     0     0     0     1
     0     0     0     1     0     1     0     1     1     0     1
     0     1     0     0     1     0     1     1     0     1     1
     0     0     0     1     1     0     0     1     1     1     1
     0     0     1     0     0     1     1     0     1     1     1
];
% latency vector
l = [ ...
    8.7500
   13.2000
   16.6700
   11.9200
   13.1600
   17.3200
   18.5600
   13.8100
   17.2800
   18.5200
   30.4800
];
