%,number,of,features
n,=,20;
%,number,of,example faces (and feature matrices)
K = 5;
% example faces
F1 = np.array([
[0.5,-0.5,0,-0.05,0.05,-0.7,-0.6,-0.5,-0.4,-0.3,-0.2,-0.1,0,0.1,0.2,0.3,0.4,0.5,0.6,0.7],
[1.0,1.0,0.1,-0.05,-0.05,-0.8,-0.85,-0.9,-0.9,-0.9,-0.9,-0.9,-0.9,-0.9,-0.9,-0.9,-0.9,-0.9,-0.85,-0.8]
])
F2 = np.array([
[0.55,-0.55,0,-0.05,0.05,-0.7,-0.6,-0.5,-0.4,-0.3,-0.2,-0.1,0,0.1,0.2,0.3,0.4,0.5,0.6,0.7],
[1.0,1.0,0.2,-0.01,-0.01,-0.8,-0.85,-0.9,-0.9,-0.9,-0.9,-0.89,-0.88,-0.89,-0.9,-0.9,-0.9,-0.9,-0.85,-0.8]
])
F3 =np.array([
[0.5,-0.5,0,-0.05,0.05,-0.7,-0.6,-0.5,-0.4,-0.3,-0.2,-0.1,0,0.1,0.2,0.3,0.4,0.5,0.6,0.7],
[1.05,1.03,0.08,-0.05,-0.05,-0.8,-0.85,-0.86,-0.87,-0.88,-0.89,-0.9,-0.91,-0.9,-0.89,-0.88,-0.87,-0.86,-0.85,-0.8]
])
F4 = np.array([
[0.6,-0.6,0,-0.05,0.05,-0.7,-0.6,-0.5,-0.4,-0.3,-0.2,-0.1,0,0.1,0.2,0.3,0.4,0.5,0.6,0.7],
[.9,.9,0.075,-0.05,-0.05,-0.8,-0.85,-0.875,-0.89,-0.9,-0.9,-0.9,-0.9,-0.9,-0.9,-0.9,-0.89,-0.875,-0.85,-0.8]
])
F5 = np.array([
[0.56,-0.56,0,-0.05,0.05,-0.7,-0.6,-0.5,-0.4,-0.3,-0.2,-0.1,0,0.1,0.2,0.3,0.4,0.5,0.6,0.7],
[1.1,1.1,0.1,-0.05,-0.05,-0.85,-0.875,-0.9,-0.9,-0.9,-0.9,-0.9,-0.9,-0.9,-0.9,-0.9,-0.9,-0.9,-0.875,-0.85]
])
%,rotated,and,scaled,measurement
Y_rot = [
[-0.159955655589731,-1.33134307892299,-0.149129873451272,-0.0457883892062209,0.0607013765513481,-0.148908866497895,-0.00513663237750780,0.138635601742879,0.245125367500448,0.351615133258017,0.458104899015586,0.557138171100591,0.656171443185597,0.770117702615729,0.884063962045862,0.990553727803431,1.09704349356100,1.20353325931857,1.27274055671332,1.34194785410807],
[1.47500480956669,0.654790505584691,0.212979531515138,-0.0479314449385749,0.0266334917870611,-1.37387268314000,-1.35255262929315,-1.33123257544630,-1.25666763872066,-1.18210270199503,-1.10753776526939,-1.02232385196800,-0.937109938666607,-0.873193978516728,-0.809278018366849,-0.734713081641213,-0.660148144915577,-0.585583208189941,-0.457773388585520,-0.329963568981100]
]

%,noisy,measurement
Y_noisy,=,[,...
0.6643,-1.0615,0.2158,0.1961,0.3398,-0.3526,-0.1577,0.0293,0.1507,0.2684,0.4543,0.5414,0.7290,0.8677,1.0180,1.1605,1.2837,1.3910,1.5616,1.6403
1.6783,1.0782,0.1971,0.0118,0.0585,-1.4016,-1.4223,-1.4022,-1.3651,-1.3600,-1.2885,-1.2392,-1.1590,-1.1113,-1.0985,-1.0010,-0.9753,-0.8606,-0.7619,-0.6922
];
