n = 3;
T = 1;
k = 2;
A1 = 5 * [-0.5 +0.0 +0.0 ; +0.2 +0.0 -0.1 ; +0.3 +0.0 +0.1];
A2 = 5 * [+0.0 +0.1 +0.2 ; +0.0 -0.1 +0.3 ; +0.0 +0.0 -0.5];
x0 = [1 ; 0 ; 0];
